11927489336925404160
16419203667984838400
15517757170889078784
17320049856325407616
16226111647527345408
10737990450980220928
14739676019874437120
11378369868542610432
11209135530874402816
12830396178078500864
13739998735692073984
15658794373131145728
13034895751836648448
9990927770530801664
13750874753551803392
11057110961283738624
10063792247133426688
12936221557088601088
9608741124616428544
16065710947027589120
9916746845085555712
15427401959202221568
16436684403302535168
12948411428574698496
14712964057800929792
18021109246550212672
17341886027701413376
13167936465378755584
10469542848028379136
9309652593087358976
12144436741213724672
10591800396940770304
9502417705242422272
14217763035901515264
12110968026347132928
14285846012872890880
9481384259998829568
9476250825686604800
12534744935866093568
9388599285130940416
14270712653110862848
17965457409035842880
17079342372350810368
17924477801460976704
14498904681993059328
16247443820417980160
17870189188053690880
18393066218756901696
18263047116837072064
11345803834321710080
12888827069680649216
13048617836658767872
18045894056264975232
14535111244532203008
14670230326277256192
14600085559519719424
11543466324652316672
12904354294955499520
14455780155049145344
16571316316448333568
16800063580639268352
13066049096955390976
12945567349279979520
17997513298747481984
10319248338716454912
14206596070454363648
17102447263434039552
14539696939144075776
12144171520566989824
17539580523490670208
12159519502722527232
9610426723241790464
17505806031446083456
17440550390252184192
16379795141407219200
10141961407890156544
9877020307842452480
14927043784626176512
12494703543560386560
13972666899020134400
17121101816408397312
12314176899575659520
11343106799268433920
13666494918183752704
10827506458169980928
16043016380122294784
16700637757194470400
18111897350858588672
13016524857621912576
17240044715638089472
12259938677242300416
11650279118671055872
18287870499528861824
12847018564005663744
13503768567716125696
9640500359813706752
14154908491763935232
9228476220956619776
9463197255186062336
12759889156448338944
13279218445617380352
14265283483167823872
14168688307750165504
16633313599177010176
16330185803769197568
13836313124194540544
11893711186828388352
12904750253196913664
17692144701406973440
12325230242031902720
13738728136891417600
14169099196171054592
11735798641179672576
15794967820592719360
10438943773132484608
11932442510148902912
16215032100231713024
16659926240392537088
9995113609110279168
9418010770783216640
10667424796460855296
11289798458203323392
11274333406258378752
10164835236419225600
13691270870301617152
12759604500895869952
10162760311478744064
10738181505016153088
14640186466851800576
10492603095043924992
15974259096013305856
16613947267751386368
12719330017650835456
15037111077173406720
12874136182832389120
13407151726672928768
17577665110629235328
17038739504713378048
12181172015011393536
9675387811784858624
14293003145295191552
13306362065718020096
14495047384049612800
14712277784431141888
15032628462993307136
9282577408261894144
16960204914439835648
10115187973084034048
14287613336354718720
10474879143732966400
16142959216336910080
10706723328873674752
12667956023349121024
14261867637645721600
16810637393817383424
14060593864263783424
15895812171021310976
14870506137063857152
11890885674598865920
14962871660928315392
16852072965950335488
14401858258138941952
16707879137059099392
16244812062535696128
14637885979890882560
18132372775896453376
15665987078549084160
17476514677607943808
14843079973732993536
17675321730142778496
13786130553096846336
17932732537963297216
11257504073446729728
11507938840281296896
10304750003254806528
15548778761055522816
16189710177492260352
14215633960086426624
11810696979602372608
14807937721425270272
11735738729816691712
17193013809692750080
15065111809773157888
14185356306228545536
17220195588837528832
16456750304881851648
12943845554346093568
15864600780976037376
17516115836597537664
18034698539186657152
9626859051223012352
12729951779951751168
12935471847224243200
13623857964529572864
10709129809932274688
9455921359946072064
14700213172044325376
13714908787558171648
9403447654836605952
10516016239031457792
14584668890991499264
15638362487488334336
17401392019026797312
13997245418875042304
17436887206161536256
12785486482416277504
11887648876074642432
9817074017170154496
15997634088482854912
9602860329628331008
17563576323819532672
16691919661736775936
15616226393877262848
15774321220785691648
15163698575690504704
9633672017978714112
10205974755779363840
12782621164885515264
10472994886432184320
14189089816038494720
14225475115498561024
11466042047307559936
15887438410012094464
11007421268682822656
15610192199959910400
17369751191752289024
15815828126530187264
16839279533525888768
16781951679829670144
11934996180018689024
16247059225134311680
10189883962338085888
12325636975217928192
10047775776821066752
13438014451166836736
14949650221625954304
11883157912483701760
14235391822186184192
16805618327141313792
13534035285901441024
13856688485492405248
13991895794517463552
12719625128430454784
9990846718243426304
14207016344172131840
13031528213286523904
17966306525735521024
18183220944780301888
10339683560307793920
18076828306275877248
15364773158937546240
15822958749756250112
9800883001339432960
13092655702508425216
11240692978718836736
15629367666816772608
14910921056559424512
12037459875320683520
17562596168748987776
9461641971268321280
18432689928176742228
16792098403334349824
12430590424299827200
9333585066180154368
9329298633148022784
17954763829243213376
9780077248593350656
12132739660168115200
12898647980627079168
17478466262453140736
12961295382605369344
18154378678429313024
12461759314006089728
11358384619330498560
16489977174814285568
10924119282910529536
15786185271080209408
18237987044473228192
15809394954543858688
9540186920065580032
11499812555200034816
17210743605204986368
11856957131409708032
11166997285479615488
14854584716487717376
11359764396978259968
14791655735897877504
15179808491961244160
9256516492271446016
15782316457981415424
12363749798754325504
10007189257428214784
9315873774846579712
10258802545382671360
17207613935090618112
15192167038855149568
14497824080898191872
11840348217049000960
11329243546365461504
11237278217528693760
10984025782346808320
15451723456738225152
13668053278300463104
11407723568952857600
11947013785772951552
11959475047706885120
15999187306406530560
13073404184480565248
14759102581814918144
13039242507103872000
17422882751536945664
10148972836170830848
14774378887541832704
10990511369585020928
13878744348219128832
15296588843428172288
18027001583108911360
13305052454296334336
12727093152693740544
15143082966284735488
17941650484103115520
18025420788558642048
14650232465386456064
13734542400659940352
12713663730695251968
12713717605121343488
17688673121597214080
16319940234303301888
18206053484289199776
14220143207472719360
13865975462363345920
18192884252388477984
13346539666675848192
16745931736925174016
13693006768742646784
16896951019620486400
13045113573072345088
18184481344405859648
10224598534110206976
14694901771348294144
10325429327692051456
14342208788296193536
11874510506978931712
12273503679555271680
13068724240132552704
16721176984732137728
17300695603987889920
18061826818428316480
18222595953993008160
15956342735284593664
10617889418998882304
14576534852999142912
13313587702443118592
14796067583547882496
9276275814775905280
14428180838702503936
17555669026257562880
11628281258145743872
13193974549421260800
10090609617056223232
13199661525213342720
16823678501752057856
11751692537901715456
15600462652063817728
9833366692833318912
9495912796115764224
12322967122688179200
18038432181567499712
18357869245534540000
15116742124372426240
16091207795360090624
17680298097096913408
10789898066335578112
17554995569140159104
15267120134542023680
11180698033057827840
12166401999932731392
14485348153426426368
14733375879477916672
11713151458372826112
11540053842139167744
18105026005305629760
14878695762207049728
10128732600260298752
15927783745862288896
14778919912621294080
14895589571976098816
16529672166367404032
10584853699687131136
12166176689265213440
17609160555924676352
11426452357293904896
10850150700948459520
16914689894140659712
14675112194960664064
14875377833003837952
18159816259238642528
11044578681639189504
17858941525443554816
9882724224030614528
15696107854950029824
10521246199188644864
13111175600738495488
12788555054274364416
10579778375638725632
14244042416848912896
18167655719467839552
14830849337246224896
14960389193996525568
17727728276167334272
15367752100149261312
12005111182747701248
12524020493443999744
16576009729772995840
17902003620028053952
16431876623375260416
15727405155937809408
12019878896392978432
9269457292326295552
13650178826783561728
12334578787435300864
11506075644746251264
13106178935746763776
10387744422973382656
16759057670370277888
17032063251770621696
13423070348371183616
10746107846127572992
14694581404455664640
10324689731208756224
15654638056578135552
10238405660988271616
14911151669655091712
16596356232177837824
13188721014049359872
10131891605299579904
11527232292819410944
10506558565690589184
12709496827110368256
14025275330475712512
13479711585493227520
16656340436969497344
9294313597306490880
17836001900435964160
10173293824498764800
10918802282379971584
14837502413450177024
16305023982137376256
17584497646455420416
11333402559844831232
13678154151182825472
10611050174487917568
9239836525250309120
16808592604807677440
14415093100169123840
14358183413004191232
15513881572079309824
14410953847488574464
17534874542069086336
18204242842351955232
10553425095686953984
17378530082796624000
12362198404007776256
12593567931793731584
10836403780504161280
11615429809114866688
9980279238345622528
12928176022286379008
14118235879788430848
13507015859153853440
15423002567748872192
16250285469589193472
9652801576101686272
18410081506758391928
9437617369014083584
12853628822831941632
15693198753709138944
18131149961938961536
16503789583370250752
13252634418836398080
10799611500082877440
16541695424833249280
9823761215830167552
12964828812480980992
13633665281882917888
14787848625314290688
9845322370950419456
13551627766863715328
13187007074315327488
13222165160209784832
17823307020178884864
14201503070140454400
11889110286958993408
14486033784764641792
11205193332483689472
12920914999376681984
11786424262458894336
14745296537146633728
10826003594743378944
10890386091442103296
14817653469330259968
10303409254344843264
14533503444977290752
11177773566664045568
16869000507711337984
11751772043868426240
