6519254736784147210
2027540405724713120
2928986902820472909
1126694217384143950
2220632426182206189
7708753622729330741
3707068053835114420
7068374205166941084
7237608542835149238
5616347895631051098
4706745338017478089
2787949700578406114
5411848321872902900
8455816303178749622
4695869320157747854
7389633112425813433
8382951826576125138
5510522516620950710
8838002949093122572
2381033126681962476
8529997228623995455
3019342114507329840
2010059670407016448
5498332645134853593
3733780015908621901
425634827159338917
1104858046008138235
5278807608330796295
7977201225681172517
9137091480622192907
6302307332495826908
7854943676768781029
8944326368467128843
4228981037808036314
6335776047362418450
4160898060836660667
8965359813710722280
8970493248022947269
5911999137843458427
9058144788578611243
4176031420598688800
481286664673708749
1367401701358741367
522266272248574890
3947839391716492320
2199300253291571365
576554885655860706
53677854952649932
183696956872479554
7100940239387841438
5557917004028902571
5398126237050783821
400850017444576413
3911632829177348505
3776513747432295388
3846658514189832356
6903277749057235023
5542389778754051987
3990963918660406054
1875427757261217982
1646680493070283194
5380694976754160876
5501176724429571921
449230774962069645
8127495734993097150
4240148003255188002
1344296810275512086
3907047134565475670
6302572553142561422
907163550218881415
6287224570987024655
8836317350467761244
940938042263468139
1006193683457367394
2066948932302332339
8304782665819394825
8569723765867098686
3519700289083374954
5952040530149164847
4474077174689417002
1325642257301154311
6132567174133891681
7103637274441117196
4780249155525798539
7619237615539570750
2403727693587256719
1746106316515081137
334846722850962912
5430219216087639346
1206699358071462063
6186805396467251055
6796464955038495421
158873574180689813
5599725509703887646
4942975505993425505
8806243713895845145
4291835581945616180
9218267852752931962
8983546818523489192
5686854917261212268
5167525628092171253
4181460590541727625
4278055765959386250
1813430474532541382
2116558269940354038
4610430949515010915
6553032886881162849
5541993820512637991
754599372302578132
6121513831677648653
4708015936818134019
4277644877538497218
6710945432529878608
2651776253116832043
8007800300577066559
6514301563560648476
2231711973477838615
1786817833317014554
8451630464599272008
9028733302926334646
7779319277248695833
7156945615506228060
7172410667451172535
8281908837290326490
4755473203407934800
5687139572813682158
8283983762230807616
7708562568693398929
3806557606857751212
7954140978665626386
2472484977696245636
1832796805958165341
5727414056058716417
3409632996536144779
5572607890877162977
5039592347036623023
869078963080316260
1408004568996173623
6265572058698158058
8771356261924693316
4153740928414360040
5140382007991531540
3951696689659938662
3734466289278409478
3414115610716244370
9164166665447657187
1486539159269715919
8331556100625517514
4159130737354832781
7971864929976585646
2303784857372641505
7740020744835876393
5778788050360430189
4184876436063829907
1636106679892168244
4386150209445768433
2550931902688240866
3576237936645694242
6555858399110685652
3483872412781236305
1594671107759216151
4044885815570609494
1738864936650452332
2201932011173855430
3808858093818669026
314371297813098264
2780756995160467668
970229396101607762
3603664099976557906
771422343566773133
4660613520612704917
514011535746254392
7189240000262821856
6938805233428255225
8141994070454744977
2897965312654028817
2257033896217291191
4231110113623124756
6636047094107179250
3638806352284281498
6711005343892859989
1253730264016801634
3381632263936393488
4261387767481006246
1226548484872022780
1989993768827699995
5502898519363457554
2582143292733514296
930628237112014001
412045534522894507
8819885022486538945
5716792293757800433
5511272226485308400
4822886109179978749
7737614263777277023
8990822713763479814
3746530901665226167
4731835286151380361
9043296418872946056
7930727834678093664
3862075182718052239
2808381586221217110
1045352054682754325
4449498654834509251
1009856867548015322
5661257591293273839
6559095197634909173
8629670056539397477
2449109985226696892
8843883744081220341
883167749890018947
1754824411972775651
2830517679832288622
2672422852923860215
3283045498019046811
8813072055730837925
8240769317930188152
5664122908824036178
7973749187277367556
4257654257671056976
4221268958210990471
6980702026401991667
2559305663697457056
7439322805026728509
2836551873749641008
1076992881957262619
2630915947179364599
1607464540183662805
1664792393879881431
6511747893690862842
2199684848575239834
8256860111371466194
6121107098491623217
8398968296888484631
5008729622542714733
3497093852083597565
6563586161225850064
4211352251523367443
1641125746568237787
4912708787808110534
4590055588217146446
4454848279192088013
5727118945279097030
8455897355466125601
4239727729537419576
5415215860423027875
480437547974030580
263523128929249770
8107060513401757501
369915767433674353
3081970914772005513
2623785323953301387
8645861072370118452
5354088371201126718
7206051094990714509
2817376406892779098
3535823017150127008
6409284198388867969
884147904960563816
8985102102441230656
14054145532809422
1654645670375201813
6016153649409724476
9113159007529397504
9117445440561529180
491980244466338253
8666666825116200991
6314004413541436295
5548096093082472708
968277811256410869
5485448691104181810
292365395280238593
5984984759703461559
7088359454379052577
1956766898895266170
7522624790799022183
2660558802629342349
208757029236323463
2637349119165692907
8906557153643971277
6946931518509516424
1236000468504565184
6589786942299843289
7279746788229936115
3592159357221834395
7086979676731291947
3655088337811674266
3266935581748307494
9190227581438105359
2664427615728136435
6082994274955226028
8439554816281336699
9130870298862971545
8187941528326879984
1239130138618933566
3254577034854401946
3948919992811359873
6606395856660550460
7117500527344090546
7209465856180857861
7462718291362743380
2995020616971326365
4778690795409088438
7039020504756693667
6499730287936599552
6487269026002666474
2447556767303020857
5373339889228986000
3687641491894633534
5407501566605680065
1023861322172605933
8297771237538720620
3672365186167719070
7456232704124530543
4567999725490422639
3150155230281379314
419742490600640274
5141691619413217297
5719650921015810887
3303661107424816129
505093589606436113
421323285150909539
3796511608323095426
4712201673049611303
5733080343014299500
5733026468588208007
758070952112337568
2126803839406249809
240690589420351876
4226600866236832182
4580768611346205667
253859821321073668
5100204407033703583
1700812336784377655
4753737304966904896
1549793054089065199
5401630500637206080
262262729303692001
8222145539599344338
3751842302361257493
8121314746017500029
4104535285413358051
6572233566730620391
6173240394154280128
5378019833576998727
1725567088977413896
1146048469721661665
384917255281235124
224148119716543490
2490401338424957726
7828854654710669752
3870209220710408684
5133156371266433192
3650676490161669054
9170468258933646560
4018563235007047762
891075047451988747
6818462815563808043
5252769524288290405
8356134456653328559
5247082548496208906
1623065571957493756
6695051535807836057
2846281421645733945
8613377380876232393
8950831277593786921
6123776951021372652
408311892142051931
88874828175011670
3330001949337125199
2355536278349461209
766445976612638249
7656846007373973793
891748504569392473
3179623939167528153
7266046040651723988
6280342073776820312
3961395920283125380
3713368194231634713
6733592615336725193
6906690231570383448
341718068403921866
3568048311502501889
8318011473449252372
2518960327847262514
3667824161088257327
3551154501733453012
1917071907342147674
7861890374022420132
6280567384444338382
837583517784875326
7020291716415646540
7596593372761092290
1532054179568891876
3771631878748887710
3571366240705713591
286927814470909089
7402165392070362284
587802548265996737
8564019849678937179
2750636218759521880
7925497874520906740
5335568472971055891
5658189019435186822
7866965698070825511
4202701656860638812
279088354241712054
3615894736463326508
3486354879713025922
719015797542217326
3078991973560290193
6441632890961850765
5922723580265552127
1870734343936555682
544740453681497664
2014867450334291116
2719338917771742119
6426865177316572826
9177286781383255775
4796565246925989634
6112165286274251039
6940668428963299849
5340565137962787597
8058999650736169019
1687686403339273793
1414680821938929920
5023673725338368008
7700636227581979129
3752162669253886778
8122054342500795869
2792106017131415844
8208338412721279827
3535592404054459923
1850387841531713669
5258023059660191813
8314852468409971501
6919511780890140818
7940185508018962607
5737247246599183598
4421468743233839153
4967032488216323715
1790403636740054188
9152430476403061046
610742173273587392
8273450249210786868
7527941791329579797
3609241660259374464
2141720091572175262
862246427254131142
7113341513864720143
4768589922526726180
7835693899221634081
9206907548459242237
1638151468901874270
4031650973540428031
4088560660705360515
2932862501630241541
4035790226220976944
911869531640465339
242501231357596416
7893318978022597873
1068213990912927653
6084545669701775477
5853176141915819991
7610340293205390599
6831314264594685375
8466464835363929057
5518568051423172352
4328508193921120517
4939728214555698329
3023741505960679357
2196458604120358227
8793942497607865710
36662566951159717
9009126704695467897
5593115250877610175
2753545320000412883
315594111770590101
1942954490339300888
5194109654873153908
7647132573626674596
1905048648876302421
8622982857879384353
5481915261228570267
4813078791826634008
3658895448395261034
8601421702759132611
4895116306845836501
5259736999394224096
5224578913499766345
623437053530666701
4245241003569097144
6557633786750558189
3960710288944909605
7241550741225861676
5525829074332869805
6660319811250656924
3701447536562917839
7620740478966173051
7556357982267448621
3629090604379291484
8143334819364708269
3913240628732260809
7268970507045506387
1577743565998213704
6694972029841125499
