3620406476653512704 7459683442153209856 8918217623715960832
1019543505850832896 9152089516046548992 6090095209447682048
15185306983374573568 7122648279939645440 3080703253940660224
5906831721077170176 14935073152159885312 10019379286240577536
8187450105514725376 8584572591150006272 678609404879831040
6530016496921085952 12440178972188817408 14802685059091142656
8324986273929070592 521085735212953600 17995164432090673152 13620687230299369472 7341836497898137600 16592376743974651904
4623916562353461248 2643357043844528128 10642259019576424448 16779067041510350848 13766162958820327424 8457465583307569152
16257797621600067584 5321000425808525312 4510775152080058368 1629759659169384448 12638174985853114368 16846480882123112448
8520733940359870464 11268259523988123648 14531918415057111040 11496928901291290624 6165007362826752000 9146676990061336576
6471433765905995776 16422318128700393472 12414552728447606784 14309302608296499200 2226913921259200512 15180125026089095168
1180180772027301888 833186356956547072 3448581468778516480 7875863699148826624 7718568681816352768 9994580597994416128
9336818049874876416 15936506290721003520 4072270325078829056 12951913455580360704 12655654341564182528 14914678800807030784
8552406205329201152 9752503866026883072 6935402836969091072 14207283131772719104 2439051868929110016 13734160263581595648
