8571987396920889802 8571678212258365619 8182540904996224517
879631640100505237 182294092975101657 9046374477202460060
7450496508229609784 728067245117099681 539145451122371253
7857683867428340370 3013720653451496644 8865782252306591187
3875262935810161842 9198192580552077341 9160566485421677138
1955257594964636325 8897344603732213286 2227836419105598308
4143894209794464196 1979697813794871767 1427039414528653189 6402668036408871176 4100224546332642418 4244745941803063473
1450305624925129420 1529375853789742602 820938024996032088 3934666384785742734 2409959772809679617 1188917562575992900
6214602435898348714 7267790180323773313 3255571400453737680 5709859892086611024 4206880572567815804 6839537996014081819
2392057034068238116 6213317949139628781 8050305444296324234 2476658900491169737 2671622048589187778 7414622784369851120
-3637293323317495650 -3331609400017134023 -6301603061984610688 5228584351130574136 -8280976661528763879 -3735272204804399687
-5898820716919261592 -1379079997900705295 -3797189602012162000 1869763551770874530 2932899934955959012 -4822089636314243920
6285346337997801004 257564373480229093 5404123441010431690 5121188022853108196 -2107560635577460742 -6546795984147619936
6614836183360197556 -1350553082928623252 8717681622831368594 4672920023280334763 -558502560388307420 -4774844273227704896
