11448361453805189120 5793102518830186496 13679053545898059776
444391778511579136 2630172010135748608 15646601853404975104
12131713407920058368 4212153101404569600 4840680347990431744
14402286460503957504 1419618310664574976 788218248772204544
4718648389854654464 1461545789062905856 15367444386505293824
2147391118939584512 802345336924063744 1152278108008081408
11406437737767139328 5003768726226653184 16360940557717131264 1991046264020963328 9699854304826529792 8623777795264296960
4980050779318282240 5372044456732706816 18093172257039534080 15375208038522527744 2781492868871667712 7843692121526650880
15158526126810226688 1644274092376590336 16021312533108099072 7544592930716153856 2896847229274515456 128122902057811968
15344656445633218560 9754916299790848000 11851914969381222400 4366413191373475840 3209565400829079552 9886473889202546688
7146993847234619392 15780386922076305408 9880243331257475072 16370308003798362112 17343988738389319680 15208007185942065152
2120867938318221312 8826032399224158208 8957959477733502976 5674127578042537984 6185064612095170560 17605228777463879680
9772367113433688064 3478190739042658304 1522088584890931200 7611419247845822464 13916900464800681984 5530858584943431680
2865974314114852864 6325463055857879040 936724181079986176 14327738989689483264 12324136836415770624 11084759968093505536
